
0:

0.000000 49.900002 0.000000


1:

50.000000 49.900002 0.000000


2:

100.000000 -46.900002 0.000000


3:

150.000000 27.200001 0.000000


4:

200.000000 17.000000 0.000000


5:

250.000000 -43.500000 0.000000


6:

300.000000 -19.500000 0.000000


7:

350.000000 34.200001 0.000000


8:

400.000000 -11.700000 0.000000


9:

450.000000 -9.700000 0.000000


10:

500.000000 10.000000 0.000000


11:

550.000000 -34.600002 0.000000


12:

600.000000 -5.500000 0.000000


13:

650.000000 32.000000 0.000000


14:

700.000000 -16.400000 0.000000


15:

750.000000 -25.800001 0.000000


16:

800.000000 -46.900002 0.000000


17:

850.000000 27.000000 0.000000


18:

900.000000 18.200001 0.000000


19:

950.000000 -20.900000 0.000000


20:

1000.000000 -42.600002 0.000000


21:

1050.000000 -42.299999 0.000000


22:

1100.000000 -37.400002 0.000000


23:

1150.000000 13.900001 0.000000


24:

1200.000000 -3.700000 0.000000


25:

1250.000000 -13.700000 0.000000


26:

1300.000000 4.100000 0.000000


27:

1350.000000 31.100000 0.000000


28:

1400.000000 33.900002 0.000000


29:

1450.000000 29.100000 0.000000


30:

1500.000000 6.800000 0.000000


31:

1550.000000 6.800000 0.000000


32:

0.000000 -22.700001 -50.000000


33:

50.000000 -22.700001 -50.000000


34:

100.000000 -9.900001 -50.000000


35:

150.000000 -45.700001 -50.000000


36:

200.000000 24.400000 -50.000000


37:

250.000000 -15.000000 -50.000000


38:

300.000000 37.200001 -50.000000


39:

350.000000 5.500000 -50.000000


40:

400.000000 13.200000 -50.000000


41:

450.000000 3.300000 -50.000000


42:

500.000000 -45.000000 -50.000000


43:

550.000000 -5.700000 -50.000000


44:

600.000000 2.800000 -50.000000


45:

650.000000 39.100002 -50.000000


46:

700.000000 8.300000 -50.000000


47:

750.000000 -30.700001 -50.000000


48:

800.000000 -30.000000 -50.000000


49:

850.000000 -19.800001 -50.000000


50:

900.000000 20.100000 -50.000000


51:

950.000000 -0.300000 -50.000000


52:

1000.000000 7.400000 -50.000000


53:

1050.000000 -31.800001 -50.000000


54:

1100.000000 1.300000 -50.000000


55:

1150.000000 -37.100002 -50.000000


56:

1200.000000 -11.200000 -50.000000


57:

1250.000000 -17.800001 -50.000000


58:

1300.000000 35.500000 -50.000000


59:

1350.000000 7.900000 -50.000000


60:

1400.000000 -46.299999 -50.000000


61:

1450.000000 -31.400000 -50.000000


62:

1500.000000 26.900000 -50.000000


63:

1550.000000 26.900000 -50.000000


64:

0.000000 48.799999 -100.000000


65:

50.000000 48.799999 -100.000000


66:

100.000000 25.600000 -100.000000


67:

150.000000 49.400002 -100.000000


68:

200.000000 -8.700000 -100.000000


69:

250.000000 -47.799999 -100.000000


70:

300.000000 -43.400002 -100.000000


71:

350.000000 -38.900002 -100.000000


72:

400.000000 13.100000 -100.000000


73:

450.000000 -44.100002 -100.000000


74:

500.000000 41.500000 -100.000000


75:

550.000000 -13.700000 -100.000000


76:

600.000000 -39.400002 -100.000000


77:

650.000000 39.700001 -100.000000


78:

700.000000 26.800001 -100.000000


79:

750.000000 35.299999 -100.000000


80:

800.000000 -10.600000 -100.000000


81:

850.000000 10.300000 -100.000000


82:

900.000000 28.600000 -100.000000


83:

950.000000 4.500000 -100.000000


84:

1000.000000 -40.700001 -100.000000


85:

1050.000000 28.500000 -100.000000


86:

1100.000000 20.400000 -100.000000


87:

1150.000000 -39.200001 -100.000000


88:

1200.000000 29.600000 -100.000000


89:

1250.000000 7.500000 -100.000000


90:

1300.000000 8.400001 -100.000000


91:

1350.000000 -41.500000 -100.000000


92:

1400.000000 49.700001 -100.000000


93:

1450.000000 13.300000 -100.000000


94:

1500.000000 5.900000 -100.000000


95:

1550.000000 5.900000 -100.000000


96:

0.000000 27.000000 -150.000000


97:

50.000000 27.000000 -150.000000


98:

100.000000 -37.700001 -150.000000


99:

150.000000 -37.000000 -150.000000


100:

200.000000 6.500000 -150.000000


101:

250.000000 -39.299999 -150.000000


102:

300.000000 -1.900000 -150.000000


103:

350.000000 -24.500000 -150.000000


104:

400.000000 19.200001 -150.000000


105:

450.000000 29.500000 -150.000000


106:

500.000000 0.000000 -150.000000


107:

550.000000 -38.700001 -150.000000


108:

600.000000 -7.900000 -150.000000


109:

650.000000 -17.300001 -150.000000


110:

700.000000 -45.799999 -150.000000


111:

750.000000 21.900000 -150.000000


112:

800.000000 43.500000 -150.000000


113:

850.000000 47.500000 -150.000000


114:

900.000000 -28.900000 -150.000000


115:

950.000000 7.300000 -150.000000


116:

1000.000000 23.300001 -150.000000


117:

1050.000000 38.299999 -150.000000


118:

1100.000000 -19.900000 -150.000000


119:

1150.000000 -18.100000 -150.000000


120:

1200.000000 -4.400000 -150.000000


121:

1250.000000 -44.900002 -150.000000


122:

1300.000000 24.900000 -150.000000


123:

1350.000000 32.500000 -150.000000


124:

1400.000000 -2.000000 -150.000000


125:

1450.000000 20.000000 -150.000000


126:

1500.000000 -1.100000 -150.000000


127:

1550.000000 -1.100000 -150.000000


128:

0.000000 -21.000000 -200.000000


129:

50.000000 -21.000000 -200.000000


130:

100.000000 -30.000000 -200.000000


131:

150.000000 26.700001 -200.000000


132:

200.000000 -21.700001 -200.000000


133:

250.000000 -44.200001 -200.000000


134:

300.000000 0.800000 -200.000000


135:

350.000000 24.200001 -200.000000


136:

400.000000 7.700000 -200.000000


137:

450.000000 48.600002 -200.000000


138:

500.000000 26.200001 -200.000000


139:

550.000000 42.200001 -200.000000


140:

600.000000 -36.000000 -200.000000


141:

650.000000 -49.799999 -200.000000


142:

700.000000 32.900002 -200.000000


143:

750.000000 19.800001 -200.000000


144:

800.000000 49.000000 -200.000000


145:

850.000000 -20.300001 -200.000000


146:

900.000000 -7.400000 -200.000000


147:

950.000000 12.700000 -200.000000


148:

1000.000000 26.700001 -200.000000


149:

1050.000000 -44.299999 -200.000000


150:

1100.000000 -43.500000 -200.000000


151:

1150.000000 -10.800000 -200.000000


152:

1200.000000 5.000000 -200.000000


153:

1250.000000 45.900002 -200.000000


154:

1300.000000 -38.500000 -200.000000


155:

1350.000000 -45.799999 -200.000000


156:

1400.000000 19.500000 -200.000000


157:

1450.000000 23.900000 -200.000000


158:

1500.000000 -29.600000 -200.000000


159:

1550.000000 -29.600000 -200.000000

